2012-07-10 14:53:22;0.00;0.00;0.00;0.00;0.00;0.00;0.00;0.00
2012-07-10 14:53:32;0.00;0.00;0.00;0.00;0.00;0.00;0.00;0.00
2012-07-10 14:53:48;0.00;0.00;0.00;0.00;0.00;0.00;0.00;0.00
2012-07-10 14:54:02;0.00;0.00;0.00;0.00;0.00;0.00;0.00;0.00
2012-07-10 14:54:12;0.00;0.00;0.00;0.00;0.00;0.00;0.00;0.00
2012-07-10 14:54:28;0.00;0.00;0.00;0.00;0.00;0.00;0.00;0.00
2012-11-30 18:20:02;0.00;0.00;0.00;0.00;0.00;0.00;0.00;0.00
2012-11-30 18:20:12;0.00;0.00;0.00;0.00;0.00;0.00;0.00;0.00
2012-11-30 18:23:20;0.00;0.00;0.00;0.00;0.00;0.00;0.00;0.00
2012-11-30 18:23:31;0.00;0.00;0.00;0.00;0.00;0.00;0.00;0.00
2012-11-30 18:24:41;0.00;0.00;0.00;0.00;0.00;0.00;0.00;0.00
2012-11-30 18:30:10;0.00;0.00;0.00;0.00;0.00;0.00;0.00;0.00
2012-11-30 18:30:20;0.00;0.00;0.00;0.00;0.00;0.00;0.00;0.00
2012-11-30 18:44:08;0.00;0.00;0.00;0.00;0.00;0.00;0.00;0.00
2012-11-30 18:44:12;0.00;0.00;0.00;0.00;0.00;0.00;0.00;0.00
2012-11-30 18:44:22;0.00;0.00;0.00;0.00;0.00;0.00;0.00;0.00
2012-11-30 18:54:56;0.00;0.00;0.00;0.00;0.00;0.00;0.00;0.00
2012-12-13 11:37:54;0.00;0.00;0.00;0.00;0.11;0.00;0.00;0.00
2012-12-21 13:23:19;17.13;17.66;33.62;32.66;12.66;11.06;0.00;0.00
2012-12-21 13:23:29;17.02;17.77;33.40;32.98;12.23;10.64;0.00;0.00
2012-12-21 13:23:39;16.91;17.66;33.51;32.87;12.34;10.96;0.00;0.00
2012-12-21 13:23:49;17.02;17.77;33.40;32.87;12.23;10.85;0.00;0.00
2012-12-21 13:23:59;17.02;17.77;33.51;32.87;11.91;10.74;0.00;0.00
2012-12-21 13:24:09;17.02;17.66;33.51;32.66;12.13;10.96;0.00;0.00
2012-12-21 13:24:19;17.02;17.77;33.40;32.98;12.77;11.60;0.00;0.00
2012-12-21 13:24:33;17.02;17.77;33.40;32.98;12.55;11.06;0.00;0.00
2012-12-21 13:24:39;17.02;17.77;33.62;32.77;12.13;11.17;0.00;0.00
2012-12-21 13:24:49;17.02;17.77;33.30;32.87;12.23;10.64;0.00;0.00
2012-12-21 13:30:07;17.02;17.77;33.51;32.77;12.13;10.96;0.00;0.00
2012-12-21 13:30:16;17.02;17.77;33.40;32.87;12.23;11.28;0.00;0.00
2012-12-21 13:30:26;17.13;17.66;33.40;32.98;12.23;10.85;0.00;0.00
2012-12-21 13:41:20;17.02;17.66;33.72;32.87;12.13;11.06;0.00;0.00
2012-12-21 13:41:25;16.91;17.66;33.51;32.98;12.87;11.06;0.00;0.00
2012-12-21 13:41:35;17.02;17.45;33.62;32.98;12.45;11.06;0.00;0.00
2012-12-21 13:41:45;17.02;17.66;33.62;32.98;13.09;10.96;0.00;0.00
2012-12-21 13:41:55;17.02;17.66;33.72;32.98;12.87;11.17;0.00;0.00
2012-12-21 13:42:05;17.02;17.55;33.51;33.09;12.13;11.38;0.00;0.00
2012-12-21 13:42:15;17.02;17.66;33.62;32.98;12.34;10.64;0.00;0.00
2012-12-21 13:42:25;17.02;17.66;33.62;32.77;12.45;10.85;0.00;0.00
2012-12-21 13:42:35;17.02;17.66;33.72;32.87;12.77;11.28;0.00;0.00
2012-12-21 13:42:45;17.13;17.66;33.62;32.66;11.91;11.17;0.00;0.00
2012-12-21 13:44:31;17.02;17.55;33.62;32.87;12.55;11.17;0.00;0.00
2012-12-21 13:44:35;17.02;17.55;33.62;32.66;12.66;10.74;0.00;0.00
2012-12-21 13:44:45;17.02;17.45;33.62;32.87;12.55;10.96;0.00;0.00
2012-12-21 13:44:55;17.13;17.66;33.62;33.09;12.34;11.17;0.00;0.00
2012-12-21 13:45:05;17.02;17.66;33.72;33.09;12.66;10.96;0.00;0.00
2012-12-21 13:45:15;17.02;17.66;33.62;32.87;12.66;10.96;0.00;0.00
2012-12-21 13:45:25;17.02;17.66;33.62;32.87;12.23;11.17;0.00;0.00
2012-12-21 13:45:35;17.02;17.55;33.62;32.77;12.34;11.17;0.00;0.00
2012-12-21 13:48:19;17.02;17.66;33.62;32.98;12.55;10.96;0.00;0.00
2012-12-21 13:48:25;17.02;17.66;33.62;33.09;13.09;10.96;0.00;0.00
2012-12-21 13:48:35;17.13;17.55;33.72;32.77;12.55;10.96;0.00;0.00
2012-12-21 13:48:45;17.13;17.55;33.62;32.66;12.45;11.06;0.00;0.00
2012-12-21 13:56:02;17.02;17.66;33.62;32.77;12.55;11.17;0.00;0.00
2012-12-21 13:56:09;17.02;17.55;33.72;33.09;12.77;11.17;0.00;0.00
2012-12-21 13:56:19;17.02;17.55;33.62;32.98;12.66;11.38;0.00;0.00
2012-12-21 13:56:29;17.02;17.55;33.72;32.77;12.45;10.74;0.00;0.00
2012-12-21 13:56:58;17.02;17.66;33.62;32.98;12.23;11.06;0.00;0.00
2012-12-21 14:00:34;17.02;17.66;33.62;32.77;12.45;11.28;0.00;0.00
2012-12-21 14:00:43;17.13;17.55;33.62;33.09;12.34;10.85;0.00;0.00
2012-12-21 14:00:50;17.02;17.55;33.62;32.98;12.34;11.28;0.00;0.00
2012-12-21 14:01:00;17.13;17.66;33.72;32.77;12.45;11.06;0.00;0.00
2012-12-21 14:01:10;17.02;17.55;33.62;32.98;12.66;11.28;0.00;0.00
2012-12-21 14:01:20;17.02;17.66;33.62;32.77;12.02;11.06;0.00;0.00
2012-12-21 14:01:40;17.02;17.66;33.62;32.98;12.66;10.96;0.00;0.00
2012-12-21 14:01:50;17.02;17.66;33.62;32.98;12.02;10.64;0.00;0.00
2012-12-21 14:02:00;17.02;17.55;33.72;32.98;12.34;11.06;0.00;0.00
2012-12-21 14:02:10;17.13;17.66;33.62;32.55;12.45;10.64;0.00;0.00
2012-12-21 14:02:20;17.02;17.55;33.62;32.77;12.45;11.38;0.00;0.00
2012-12-21 14:02:30;17.02;17.55;33.62;32.98;12.34;11.28;0.00;0.00
2012-12-21 14:02:40;17.13;17.66;33.62;32.77;12.55;11.06;0.00;0.00
2012-12-21 14:02:50;17.02;17.66;33.62;32.66;12.55;11.17;0.00;0.00
2012-12-21 14:03:00;17.02;17.66;33.51;32.55;12.23;11.17;0.00;0.00
2012-12-21 14:03:10;17.13;17.66;33.62;32.98;12.98;11.28;0.00;0.00
2012-12-21 14:03:20;17.02;17.66;33.62;32.87;12.45;11.17;0.00;0.00
2012-12-21 14:03:30;17.02;17.55;33.62;32.77;12.66;11.28;0.00;0.00
2012-12-21 14:03:40;17.02;17.55;33.51;32.87;12.87;10.96;0.00;0.00
2012-12-21 14:03:50;17.02;17.55;33.51;32.77;12.23;11.49;0.00;0.00
2012-12-21 14:04:00;17.02;17.66;33.51;32.77;12.66;10.96;0.00;0.00
2012-12-21 14:04:10;17.13;17.55;33.62;32.87;12.13;11.06;0.00;0.00
2012-12-21 14:04:20;17.02;17.66;33.62;32.66;12.55;11.28;0.00;0.00
2012-12-21 14:04:30;17.02;17.55;33.62;32.77;12.13;11.06;0.00;0.00
2012-12-21 14:04:40;17.02;17.66;33.62;32.87;12.13;11.49;0.00;0.00
2012-12-21 14:04:50;17.02;17.55;33.62;32.77;12.23;11.28;0.00;0.00
2012-12-21 14:05:00;17.02;17.55;33.62;32.77;12.55;11.28;0.00;0.00
2012-12-21 14:05:35;17.02;17.66;33.62;32.77;12.34;11.06;0.00;0.00
2012-12-21 14:06:19;17.02;17.66;33.72;32.66;12.02;11.17;0.00;0.00
2012-12-21 14:06:29;17.02;17.66;33.62;32.98;12.13;10.96;0.00;0.00
2012-12-21 14:06:39;17.02;17.55;33.62;32.77;12.34;10.96;0.00;0.00
2012-12-21 14:06:49;17.02;17.55;33.62;32.66;12.66;11.06;0.00;0.00
2012-12-21 14:06:59;17.02;17.66;33.62;32.77;12.13;11.17;0.00;0.00
2012-12-21 14:07:09;17.02;17.55;33.62;32.66;12.55;11.38;0.00;0.00
2012-12-21 14:08:39;17.13;17.66;33.62;32.55;12.77;10.85;0.00;0.00
2012-12-21 14:08:49;17.02;17.66;33.62;32.66;12.34;11.06;0.00;0.00
2012-12-21 14:08:59;17.02;17.55;33.62;32.55;12.34;11.38;0.00;0.00
2012-12-21 14:09:09;17.02;17.66;33.62;32.55;12.66;10.85;0.00;0.00
2012-12-21 14:09:19;17.13;17.55;33.51;32.66;12.23;11.06;0.00;0.00
2012-12-21 14:09:29;17.02;17.55;33.62;32.87;12.34;11.06;0.00;0.00
2012-12-21 14:09:39;17.02;17.77;33.72;32.87;12.66;10.96;0.00;0.00
2012-12-21 14:09:49;17.02;17.66;33.62;32.87;12.02;10.64;0.00;0.00
2012-12-21 14:09:59;17.02;17.55;33.72;32.66;12.02;11.28;0.00;0.00
2012-12-21 14:10:09;17.02;17.55;33.62;32.77;12.55;11.17;0.00;0.00
2012-12-21 14:10:19;17.13;17.55;33.51;32.77;12.23;11.17;0.00;0.00
2012-12-21 14:10:29;17.02;17.55;33.62;33.09;12.77;10.85;0.00;0.00
2012-12-21 14:10:39;17.02;17.55;33.51;32.98;12.23;11.06;0.00;0.00
2012-12-21 14:10:49;17.02;17.66;33.72;32.77;12.87;11.06;0.00;0.00
2012-12-21 14:10:59;17.02;17.55;33.72;32.66;12.45;11.28;0.00;0.00
2012-12-21 14:11:09;17.02;17.55;33.62;32.98;12.02;11.38;0.00;0.00
2012-12-21 14:11:19;17.02;17.66;33.62;32.77;12.13;11.28;0.00;0.00
2012-12-21 14:11:29;17.02;17.55;33.72;32.45;12.23;11.06;0.00;0.00
2012-12-21 14:11:39;17.02;17.66;33.62;32.87;12.45;11.17;0.00;0.00
2012-12-21 14:11:49;17.02;17.66;33.62;32.98;12.55;11.06;0.00;0.00
2012-12-21 14:11:59;17.02;17.55;33.72;32.98;12.55;11.17;0.00;0.00
2012-12-21 14:12:09;17.02;17.66;33.62;32.98;12.45;11.17;0.00;0.00
2012-12-21 14:12:19;17.02;17.55;33.62;32.77;12.45;10.85;0.00;0.00
2012-12-21 14:12:30;17.02;17.45;33.83;32.87;12.55;11.06;0.00;0.00
2012-12-21 14:12:40;17.02;17.66;33.62;32.98;11.91;11.49;0.00;0.00
2012-12-21 14:12:50;17.02;17.55;33.94;32.87;12.23;11.28;0.00;0.00
2012-12-21 14:13:00;17.13;17.55;33.72;32.98;12.45;11.06;0.00;0.00
2012-12-21 14:13:10;17.02;17.55;33.51;32.77;12.13;11.17;0.00;0.00
2012-12-21 14:13:20;17.02;17.66;33.51;32.98;12.13;11.28;0.00;0.00
2012-12-21 14:13:30;17.02;17.66;33.62;32.55;11.81;11.17;0.00;0.00
2012-12-21 14:13:40;17.02;17.55;33.62;32.77;12.13;10.96;0.00;0.00
2012-12-21 14:13:50;17.02;17.66;33.62;32.87;12.34;11.17;0.00;0.00
2012-12-21 14:14:00;17.02;17.66;33.62;32.98;12.34;10.85;0.00;0.00
2012-12-21 14:14:10;17.13;17.66;33.62;32.87;12.77;11.17;0.00;0.00
2012-12-21 14:14:20;17.13;17.55;33.51;32.98;12.66;10.96;0.00;0.00
2012-12-21 14:14:30;17.02;17.66;33.72;32.87;12.13;10.74;0.00;0.00
2012-12-21 14:14:40;17.02;17.66;33.72;32.87;12.66;11.17;0.00;0.00
2012-12-21 14:14:50;17.02;17.66;33.72;32.77;12.45;10.74;0.00;0.00
2012-12-21 14:15:00;17.02;17.55;33.62;32.98;12.23;11.38;0.00;0.00
2012-12-21 14:15:10;17.02;17.66;33.62;32.66;12.77;11.17;0.00;0.00
2012-12-21 14:15:20;17.02;17.66;33.62;32.98;12.13;11.28;0.00;0.00
2012-12-21 14:15:30;17.02;17.66;33.62;32.66;12.23;11.17;0.00;0.00
2012-12-21 14:15:40;17.02;17.66;33.72;32.87;12.55;11.06;0.00;0.00
2012-12-21 14:15:50;17.02;17.66;33.72;32.98;12.13;11.70;0.00;0.00
2012-12-21 14:16:00;17.02;17.66;33.72;32.87;12.45;11.06;0.00;0.00
2012-12-21 14:16:10;17.02;17.66;33.72;32.77;11.81;11.49;0.00;0.00
2012-12-21 14:16:20;17.02;17.66;33.72;32.77;12.34;11.17;0.00;0.00
2012-12-21 14:16:30;17.02;17.55;33.62;32.77;11.70;11.06;0.00;0.00
2012-12-21 14:16:40;17.02;17.66;33.62;32.87;12.55;11.06;0.00;0.00
2012-12-21 14:16:50;17.02;17.55;33.62;32.77;12.55;11.38;0.00;0.00
2012-12-21 14:17:00;17.02;17.55;33.62;32.55;12.55;11.28;0.00;0.00
2012-12-21 14:17:10;17.02;17.66;33.62;32.77;11.70;11.38;0.00;0.00
2012-12-21 14:17:20;17.13;17.66;33.62;32.87;12.34;10.85;0.00;0.00
2012-12-21 14:17:30;17.13;17.66;33.51;32.77;12.77;10.74;0.00;0.00
2012-12-21 14:17:40;17.02;17.55;33.62;32.98;12.13;11.38;0.00;0.00
2012-12-21 14:17:50;17.02;17.66;33.51;32.66;12.45;11.17;0.00;0.00
2012-12-21 14:18:00;17.02;17.77;33.72;32.77;12.55;11.17;0.00;0.00
2012-12-21 14:18:10;17.02;17.66;33.72;32.66;12.34;11.28;0.00;0.00
2012-12-21 14:18:20;17.02;17.77;33.51;32.77;12.66;11.17;0.00;0.00
2012-12-21 14:18:30;17.02;17.66;33.51;32.66;13.09;10.96;0.00;0.00
2012-12-21 14:18:40;17.02;17.77;33.62;32.87;12.02;11.38;0.00;0.00
2012-12-21 14:18:50;17.02;17.66;33.62;32.66;12.02;11.49;0.00;0.00
2012-12-21 14:19:00;17.02;17.66;33.62;32.77;12.13;10.96;0.00;0.00
2012-12-21 14:19:10;17.02;17.66;33.62;32.98;12.34;11.28;0.00;0.00
2012-12-21 14:19:20;17.02;17.77;33.83;32.87;12.23;11.38;0.00;0.00
2012-12-21 14:19:30;17.02;17.66;33.62;32.87;12.98;11.17;0.00;0.00
2012-12-21 14:19:40;17.02;17.66;33.62;32.98;12.34;11.06;0.00;0.00
2012-12-21 14:19:50;17.13;17.66;33.62;32.98;12.45;11.28;0.00;0.00
2012-12-21 16:35:16;0.00;18.09;0.00;0.00;12.34;11.06;0.00;0.00
2012-12-21 16:35:26;0.00;18.09;0.00;0.00;12.34;10.74;0.00;0.00
2012-12-21 16:35:36;0.00;17.98;0.00;0.00;11.91;10.96;0.00;0.00
2012-12-21 16:35:46;0.00;17.98;0.00;0.00;12.23;10.74;0.00;0.00
2012-12-21 16:35:56;0.00;17.87;0.00;0.00;12.13;11.06;0.00;0.00
2012-12-21 16:36:06;0.00;17.98;0.00;0.00;12.45;10.96;0.00;0.00
2012-12-21 16:36:16;0.00;17.98;0.00;0.00;12.45;10.96;0.00;0.00
2012-12-21 16:36:26;0.00;17.98;0.00;0.00;12.55;10.96;0.00;0.00
2012-12-21 16:36:36;0.00;17.98;0.00;0.00;12.13;10.96;0.00;0.00
2012-12-21 16:36:46;0.00;17.98;0.00;0.00;12.55;10.74;0.00;0.00
2012-12-21 16:36:56;0.00;17.98;0.00;0.00;12.77;10.96;0.00;0.00
2012-12-21 16:37:06;0.00;17.98;0.00;0.00;12.13;10.96;0.00;0.00
2012-12-21 16:37:16;0.00;17.98;0.00;0.00;12.66;10.85;0.00;0.00
2012-12-21 16:37:26;0.00;17.87;0.00;0.00;12.55;11.06;0.00;0.00
2012-12-21 16:37:36;0.00;17.98;0.00;0.00;12.13;11.06;0.00;0.00
2012-12-21 16:37:46;0.00;17.98;0.00;0.00;12.13;10.96;0.00;0.00
2012-12-21 16:37:56;0.00;18.09;0.00;0.00;12.77;10.64;0.00;0.00
2012-12-21 16:38:06;0.00;17.98;0.00;0.00;12.77;10.74;0.00;0.00
2012-12-21 16:38:16;0.00;17.98;0.00;0.00;12.45;11.28;0.00;0.00
2012-12-21 16:38:26;0.00;18.09;0.00;0.00;12.02;11.06;0.00;0.00
2012-12-21 16:38:36;0.00;17.98;0.00;0.00;11.91;11.28;0.00;0.00
2012-12-21 16:38:46;0.00;18.09;0.00;0.00;11.91;10.85;0.00;0.00
2012-12-21 16:38:56;0.00;18.09;0.00;0.00;12.13;10.74;0.00;0.00
2012-12-21 16:40:24;0.00;20.21;0.00;0.00;12.98;11.17;0.00;0.00
2012-12-21 16:40:34;16.38;21.17;34.04;33.30;0.85;29.26;0.00;0.00
2012-12-21 16:40:44;16.38;21.06;33.62;33.30;0.96;29.04;0.00;0.00
2012-12-21 16:40:54;16.28;21.06;33.51;33.09;0.85;28.62;0.00;0.00
2012-12-21 16:41:04;16.49;15.96;33.62;33.09;0.74;29.04;0.00;0.00
2012-12-21 16:41:14;16.38;15.85;33.51;32.77;0.74;28.51;0.00;0.00
2012-12-21 16:41:24;16.28;15.96;33.40;32.66;0.74;29.15;0.00;0.00
2012-12-21 16:41:34;16.28;15.85;33.30;32.87;0.64;28.62;0.00;0.00
2012-12-21 16:41:44;16.17;15.96;33.30;32.23;0.74;28.62;0.00;0.00
2012-12-21 16:41:54;16.17;15.96;33.30;32.55;0.74;28.51;0.00;0.00
2012-12-21 16:42:04;16.06;15.85;33.19;32.66;0.64;28.62;0.00;0.00
2012-12-21 16:42:14;16.17;15.85;33.19;32.23;0.64;28.94;0.00;0.00
2012-12-21 16:42:24;17.55;15.85;33.19;32.55;0.74;28.83;0.00;0.00
2012-12-21 16:42:34;16.06;15.85;33.19;32.55;0.85;29.15;0.00;0.00
2012-12-21 16:42:44;16.06;15.85;33.19;32.55;0.85;28.83;0.00;0.00
2012-12-21 16:42:54;16.17;15.85;33.09;32.34;0.53;28.51;0.00;0.00
2012-12-21 16:43:04;16.06;15.96;33.40;32.45;0.85;29.04;0.00;0.00
2012-12-21 16:43:14;16.06;15.85;33.09;32.13;0.74;28.94;0.00;0.00
2012-12-21 16:43:24;16.06;15.96;33.09;32.55;0.74;28.51;0.00;0.00
2012-12-21 16:43:34;16.06;15.96;33.19;32.45;0.64;28.72;0.00;0.00
2012-12-21 16:43:44;16.06;15.96;33.30;32.45;0.64;28.40;0.00;0.00
2012-12-21 16:43:54;16.06;15.85;33.19;32.45;0.74;29.15;0.00;0.00
2012-12-21 16:44:04;16.06;15.96;33.19;32.34;0.64;28.51;0.00;0.00
2012-12-21 16:44:14;16.06;15.74;33.19;32.66;0.74;28.72;0.00;0.00
2012-12-21 16:44:24;16.06;15.85;33.30;32.34;0.64;28.40;0.00;0.00
2012-12-21 16:44:34;16.06;15.85;33.19;32.45;0.74;28.51;0.00;0.00
2012-12-21 16:44:44;16.06;15.85;33.30;32.45;0.64;28.62;0.00;0.00
2012-12-21 16:45:05;0.00;0.00;0.00;0.00;13.62;12.02;0.00;0.00
2012-12-21 16:45:15;0.00;0.00;0.00;0.00;12.87;10.11;0.00;0.00
2012-12-21 16:45:25;0.00;0.00;0.00;0.00;12.13;11.38;0.00;0.00
2012-12-21 16:45:35;0.00;0.00;0.00;0.00;13.09;11.17;0.00;0.00
2012-12-21 16:45:45;0.00;0.00;0.00;0.00;13.40;10.53;0.00;0.00
2012-12-21 16:45:55;0.00;0.00;0.00;0.00;12.66;11.60;0.00;0.00
2012-12-21 16:46:05;0.00;0.00;0.00;0.00;13.19;11.17;0.00;0.00
2012-12-21 16:46:15;0.00;0.00;0.00;0.00;13.30;11.91;0.00;0.00
2012-12-21 16:46:25;0.00;0.00;0.00;0.00;12.55;11.81;0.00;0.00
2012-12-21 16:46:35;0.00;0.00;0.00;0.00;14.04;11.38;0.00;0.00
2012-12-21 16:46:45;0.00;0.00;0.00;0.00;11.81;12.02;0.00;0.00
2012-12-21 16:46:55;0.00;0.00;0.00;0.00;12.34;10.53;0.00;0.00
2012-12-21 16:47:05;0.00;0.00;0.00;0.00;14.57;11.81;0.00;0.00
2012-12-21 16:47:15;0.00;0.00;0.00;0.00;12.55;12.66;0.00;0.00
2012-12-21 16:47:25;0.00;0.00;0.00;0.00;12.98;10.74;0.00;0.00
2012-12-21 16:47:35;0.00;0.00;0.00;0.00;13.40;11.17;0.00;0.00
2012-12-21 16:47:45;0.00;0.00;0.00;0.00;12.34;10.96;0.00;0.00
2012-12-21 16:47:55;0.00;0.00;0.00;0.00;13.09;12.02;0.00;0.00
2012-12-21 16:48:05;0.00;0.00;0.00;0.00;12.55;11.38;0.00;0.00
2012-12-21 16:48:15;0.00;0.00;0.00;0.00;12.45;10.74;0.00;0.00
2012-12-21 16:48:25;0.00;0.00;0.00;0.00;13.62;11.28;0.00;0.00
2012-12-21 16:48:35;0.00;0.00;0.00;0.00;12.45;12.02;0.00;0.00
2012-12-21 16:48:45;0.00;0.00;0.00;0.00;14.15;11.60;0.00;0.00
2012-12-21 16:48:55;0.00;0.00;0.00;0.00;14.47;11.60;0.00;0.00
2012-12-21 16:49:05;0.00;0.00;0.00;0.00;11.70;11.17;0.00;0.00
2012-12-21 16:49:15;0.00;0.00;0.00;0.00;14.04;11.17;0.00;0.00
2012-12-21 16:49:25;0.00;0.00;0.00;0.00;13.51;12.23;0.00;0.00
2012-12-21 16:49:35;0.00;0.00;0.00;0.00;12.45;12.45;0.00;0.00
2012-12-21 16:49:45;0.00;0.00;0.00;0.00;13.51;10.64;0.00;0.00
2012-12-21 16:49:55;0.00;0.00;0.00;0.00;11.91;12.02;0.00;0.00
2012-12-21 16:50:05;0.00;0.00;0.00;0.00;11.06;11.81;0.00;0.00
2012-12-21 16:50:15;0.00;0.00;0.00;0.00;12.45;12.77;0.00;0.00
2012-12-21 16:50:25;0.00;0.00;0.00;0.00;13.94;11.28;0.00;0.00
2012-12-21 16:50:35;0.00;0.00;0.00;0.00;13.19;12.02;0.00;0.00
2012-12-21 16:50:45;0.00;0.00;0.00;0.00;12.55;10.96;0.00;0.00
2012-12-21 16:50:55;0.00;0.00;0.00;0.00;11.28;11.49;0.00;0.00
2012-12-21 16:51:05;0.00;0.00;0.00;0.00;12.66;11.81;0.00;0.00
2012-12-21 16:51:15;0.00;0.00;0.00;0.00;12.77;11.28;0.00;0.00
2012-12-21 16:51:25;0.00;0.00;0.00;0.00;14.04;11.60;0.00;0.00
2012-12-21 16:51:35;0.00;0.00;0.00;0.00;13.62;10.96;0.00;0.00
2012-12-21 16:51:45;0.00;0.00;0.00;0.00;12.45;11.38;0.00;0.00
2012-12-21 16:51:55;0.00;0.00;0.00;0.00;13.72;11.38;0.00;0.00
2012-12-21 16:52:05;0.00;0.00;0.00;0.00;14.47;11.06;0.00;0.00
2012-12-21 16:52:15;0.00;0.00;0.00;0.00;12.13;11.28;0.00;0.00
2012-12-21 16:52:25;0.00;0.00;0.00;0.00;11.81;10.85;0.00;0.00
2012-12-21 16:52:35;0.00;0.00;0.00;0.00;14.04;12.77;0.00;0.00
2012-12-21 16:52:45;0.00;0.00;0.00;0.00;12.45;11.91;0.00;0.00
2012-12-21 16:52:55;0.00;0.00;0.00;0.00;12.77;11.70;0.00;0.00
2012-12-21 16:53:05;0.00;0.00;0.00;0.00;13.72;11.17;0.00;0.00
2012-12-21 16:53:15;0.00;0.00;0.00;0.00;11.91;11.38;0.00;0.00
2012-12-21 16:53:25;0.00;0.00;0.00;0.00;11.91;11.70;0.00;0.00
2012-12-21 16:53:35;0.00;0.00;0.00;0.00;11.81;13.09;0.00;0.00
2012-12-21 16:53:45;0.00;0.00;0.00;0.00;12.66;10.32;0.00;0.00
2012-12-21 16:53:55;0.00;0.00;0.00;0.00;12.45;11.49;0.00;0.00
2012-12-21 16:54:05;0.00;0.00;0.00;0.00;13.19;11.49;0.00;0.00
2012-12-21 16:54:15;0.00;0.00;0.00;0.00;13.19;11.81;0.00;0.00
2012-12-21 16:54:25;0.00;0.00;0.00;0.00;13.30;11.28;0.00;0.00
2012-12-21 16:54:35;0.00;0.00;0.00;0.00;12.98;10.74;0.00;0.00
2012-12-21 16:54:45;0.00;0.00;0.00;0.00;12.34;11.49;0.00;0.00
2012-12-21 16:54:55;0.00;0.00;0.00;0.00;13.51;11.81;0.00;0.00
2012-12-21 16:55:05;0.00;0.00;0.00;0.00;11.81;10.32;0.00;0.00
2012-12-21 16:55:15;0.00;0.00;0.00;0.00;12.02;11.38;0.00;0.00
2012-12-21 16:55:25;0.00;0.00;0.00;0.00;13.19;11.49;0.00;0.00
2012-12-21 16:55:35;0.00;0.00;0.00;0.00;12.87;11.81;0.00;0.00
2012-12-21 16:55:45;0.00;0.00;0.00;0.00;14.15;10.53;0.00;0.00
2012-12-21 16:55:55;0.00;0.00;0.00;0.00;13.62;11.70;0.00;0.00
2012-12-21 16:56:05;0.00;0.00;0.00;0.00;11.70;11.28;0.00;0.00
2012-12-21 16:56:15;0.00;0.00;0.00;0.00;13.40;11.38;0.00;0.00
2012-12-21 16:56:25;0.00;0.00;0.00;0.00;13.19;12.45;0.00;0.00
2012-12-21 16:56:35;0.00;0.00;0.00;0.00;12.87;10.32;0.00;0.00
2012-12-21 16:56:45;0.00;0.00;0.00;0.00;13.19;11.81;0.00;0.00
2012-12-21 16:56:55;0.00;0.00;0.00;0.00;11.70;11.06;0.00;0.00
2012-12-21 16:57:05;0.00;0.00;0.00;0.00;13.19;9.89;0.00;0.00
2012-12-21 16:57:15;0.00;0.00;0.00;0.00;13.09;10.43;0.00;0.00
2012-12-21 16:57:25;0.00;0.00;0.00;0.00;14.04;10.74;0.00;0.00
2012-12-21 16:57:35;0.00;0.00;0.00;0.00;13.09;10.53;0.00;0.00
2012-12-21 16:57:45;0.00;0.00;0.00;0.00;12.55;11.49;0.00;0.00
2012-12-21 16:57:55;0.00;0.00;0.00;0.00;13.09;11.17;0.00;0.00
2012-12-21 16:58:05;0.00;0.00;0.00;0.00;13.19;11.60;0.00;0.00
2012-12-21 16:58:15;0.00;0.00;0.00;0.00;13.30;12.87;0.00;0.00
2012-12-21 16:58:25;0.00;0.00;0.00;0.00;13.94;12.02;0.00;0.00
2012-12-21 16:58:35;0.00;0.00;0.00;0.00;13.72;11.28;0.00;0.00
2012-12-21 16:58:45;0.00;0.00;0.00;0.00;13.09;11.28;0.00;0.00
2012-12-21 16:58:55;0.00;0.00;0.00;0.00;12.34;11.06;0.00;0.00
2012-12-21 16:59:05;0.00;0.00;0.00;0.00;13.72;12.02;0.00;0.00
2012-12-21 16:59:15;0.00;0.00;0.00;0.00;13.51;11.49;0.00;0.00
2012-12-21 16:59:25;0.00;0.00;0.00;0.00;12.13;12.55;0.00;0.00
2012-12-21 16:59:55;0.00;0.00;0.00;0.00;13.40;10.74;0.00;0.00
2012-12-21 17:00:05;0.00;0.00;0.00;0.00;12.02;10.74;0.00;0.00
2012-12-21 17:00:15;0.00;0.00;0.00;0.00;12.02;9.68;0.00;0.00
2012-12-21 17:00:25;0.00;0.00;0.00;0.00;12.66;11.70;0.00;0.00
2012-12-21 17:00:36;0.00;0.00;0.00;0.00;13.30;10.64;0.00;0.00
2012-12-21 17:00:46;0.00;0.00;0.00;0.00;11.28;11.28;0.00;0.00
2012-12-21 17:00:56;0.00;0.00;0.00;0.00;13.40;9.89;0.00;0.00
2012-12-21 17:01:06;0.00;0.00;0.00;0.00;13.62;11.38;0.00;0.00
2012-12-21 17:01:16;0.00;0.00;0.00;0.00;13.51;10.53;0.00;0.00
2012-12-21 17:01:26;0.00;0.00;0.00;0.00;12.55;11.06;0.00;0.00
2012-12-21 17:01:36;0.00;0.00;0.00;0.00;13.09;10.00;0.00;0.00
2012-12-21 17:01:46;0.00;0.00;0.00;0.00;13.40;10.64;0.00;0.00
2012-12-21 17:01:56;0.00;0.00;0.00;0.00;13.09;11.49;0.00;0.00
2012-12-21 17:02:06;0.00;0.00;0.00;0.00;14.15;11.38;0.00;0.00
2012-12-21 17:02:16;0.00;0.00;0.00;0.00;12.98;10.32;0.00;0.00
2012-12-21 17:02:26;0.00;0.00;0.00;0.00;12.55;11.17;0.00;0.00
2012-12-21 17:02:36;0.00;0.00;0.00;0.00;12.34;11.17;0.00;0.00
2012-12-21 17:02:46;0.00;0.00;0.00;0.00;13.51;11.06;0.00;0.00
2012-12-21 17:02:56;0.00;0.00;0.00;0.00;12.55;10.43;0.00;0.00
2012-12-21 17:03:06;0.00;0.00;0.00;0.00;12.77;11.28;0.00;0.00
2012-12-21 17:03:16;0.00;0.00;0.00;0.00;12.98;10.11;0.00;0.00
2012-12-21 17:03:26;0.00;0.00;0.00;0.00;13.40;12.02;0.00;0.00
2012-12-21 17:03:36;0.00;0.00;0.00;0.00;12.02;11.38;0.00;0.00
2012-12-21 17:03:46;0.00;0.00;0.00;0.00;13.72;11.06;0.00;0.00
2012-12-21 17:03:56;0.00;0.00;0.00;0.00;11.70;11.38;0.00;0.00
2012-12-21 17:04:06;0.00;0.00;0.00;0.00;12.45;11.70;0.00;0.00
2012-12-21 17:04:16;0.00;0.00;0.00;0.00;12.02;10.43;0.00;0.00
2012-12-21 17:04:26;0.00;0.00;0.00;0.00;11.81;11.70;0.00;0.00
2012-12-21 17:04:36;0.00;0.00;0.00;0.00;12.23;10.00;0.00;0.00
2012-12-21 17:04:46;0.00;0.00;0.00;0.00;13.30;12.34;0.00;0.00
2012-12-21 17:04:56;0.00;0.00;0.00;0.00;13.72;10.43;0.00;0.00
2012-12-21 17:05:06;0.00;0.00;0.00;0.00;11.81;10.74;0.00;0.00
2012-12-21 17:05:16;0.00;0.00;0.00;0.00;14.68;11.49;0.00;0.00
2012-12-21 17:05:26;0.00;0.00;0.00;0.00;13.30;11.38;0.00;0.00
2012-12-21 17:05:36;0.00;0.00;0.00;0.00;12.02;11.38;0.00;0.00
2012-12-21 17:05:46;0.00;0.00;0.00;0.00;12.98;11.60;0.00;0.00
2012-12-21 17:05:56;0.00;0.00;0.00;0.00;12.45;11.17;0.00;0.00
2012-12-21 17:06:06;0.00;0.00;0.00;0.00;12.55;10.64;0.00;0.00
2012-12-21 17:06:16;0.00;0.00;0.00;0.00;13.51;10.96;0.00;0.00
2012-12-21 17:06:26;0.00;0.00;0.00;0.00;12.98;10.85;0.00;0.00
2012-12-21 17:06:36;0.00;0.00;0.00;0.00;12.34;11.60;0.00;0.00
2012-12-21 17:06:46;0.00;0.00;0.00;0.00;13.51;9.57;0.00;0.00
2012-12-21 17:06:56;0.00;0.00;0.00;0.00;13.72;11.38;0.00;0.00
2012-12-21 17:07:06;0.00;0.00;0.00;0.00;13.51;12.77;0.00;0.00
2012-12-21 17:07:16;0.00;0.00;0.00;0.00;12.66;12.13;0.00;0.00
2012-12-21 17:07:26;0.00;0.00;0.00;0.00;11.91;11.60;0.00;0.00
2012-12-21 17:07:36;0.00;0.00;0.00;0.00;13.83;10.74;0.00;0.00
2012-12-21 17:07:46;0.00;0.00;0.00;0.00;11.60;10.11;0.00;0.00
2012-12-21 17:07:56;0.00;0.00;0.00;0.00;13.51;11.49;0.00;0.00
2012-12-21 17:08:06;0.00;0.00;0.00;0.00;12.13;11.49;0.00;0.00
2012-12-21 17:08:16;0.00;0.00;0.00;0.00;13.30;10.64;0.00;0.00
2012-12-21 17:08:26;0.00;0.00;0.00;0.00;12.55;11.28;0.00;0.00
2012-12-21 17:08:36;0.00;0.00;0.00;0.00;12.77;10.64;0.00;0.00
2012-12-21 17:08:46;0.00;0.00;0.00;0.00;12.98;12.55;0.00;0.00
2012-12-21 17:08:56;0.00;0.00;0.00;0.00;12.23;11.49;0.00;0.00
2012-12-21 17:09:06;0.00;0.00;0.00;0.00;13.40;11.60;0.00;0.00
2012-12-21 17:09:16;0.00;0.00;0.00;0.00;13.94;11.49;0.00;0.00
2012-12-21 17:09:26;0.00;0.00;0.00;0.00;12.55;10.43;0.00;0.00
2012-12-21 17:09:36;0.00;0.00;0.00;0.00;13.83;10.96;0.00;0.00
2012-12-21 17:09:46;0.00;0.00;0.00;0.00;12.02;10.85;0.00;0.00
2012-12-21 17:09:56;0.00;0.00;0.00;0.00;11.60;12.13;0.00;0.00
2012-12-21 17:10:06;0.00;0.00;0.00;0.00;12.55;10.74;0.00;0.00
